0 0.062690 0.957064 0.046222 0.040222
0 0.268454 0.921966 0.040417 0.033083
0 0.145634 0.276452 0.044167 0.037833
0 0.427995 0.043202 0.039667 0.025222
0 0.448551 0.146591 0.043445 0.032445
0 0.512940 0.461369 0.040889 0.030667
0 0.526857 0.567341 0.035833 0.039500
0 0.559745 0.681619 0.042500 0.034167
0 0.573898 0.785605 0.036417 0.034583
0 0.605801 0.884480 0.040333 0.042000
0 0.841607 0.986073 0.037389 0.027853
0 0.799301 0.786869 0.038889 0.035000
0 0.789468 0.682813 0.045445 0.043333
0 0.763857 0.585480 0.043000 0.034111
0 0.743245 0.480175 0.043000 0.035167
0 0.719745 0.372425 0.046667 0.040333
0 0.698829 0.268341 0.041500 0.031167
0 0.681301 0.166924 0.041445 0.033222
0 0.654079 0.072035 0.041667 0.038000
0 0.878190 0.037091 0.036223 0.036222
0 0.897746 0.144202 0.036222 0.034222
0 0.916440 0.255202 0.038167 0.033667
0 0.942440 0.354869 0.035833 0.032667
0 0.966801 0.457828 0.035667 0.037417
0 0.984345 0.564494 0.031310 0.034917
0 0.034114 0.826578 0.040167 0.011833
0 0.038781 0.854995 0.042167 0.028334
0 0.246892 0.823078 0.040501 0.029500
0 0.224420 0.687328 0.039000 0.019000
0 0.184781 0.575689 0.024167 0.020833
0 0.213281 0.587605 0.030833 0.035000
0 0.175115 0.484688 0.039167 0.034833
0 0.119975 0.184048 0.025333 0.030111
0 0.464115 0.248382 0.031500 0.036333
0 0.485754 0.357160 0.041555 0.034445
0 0.815448 0.893115 0.039778 0.031778
