0 0.121065 0.010197 0.037333 0.020394
0 0.140974 0.108073 0.025625 0.042468
0 0.171496 0.215783 0.049414 0.049667
0 0.179620 0.274367 0.024167 0.015167
0 0.158981 0.331616 0.024111 0.034111
0 0.181370 0.398950 0.024889 0.019111
0 0.194370 0.471047 0.030667 0.026583
0 0.214398 0.542589 0.019111 0.019889
0 0.245926 0.621811 0.028167 0.024667
0 0.248620 0.694436 0.019333 0.020083
0 0.279731 0.774561 0.018889 0.014445
0 0.007954 0.312228 0.015555 0.022111
0 0.016509 0.390339 0.027555 0.024333
0 0.039370 0.460505 0.028833 0.028833
0 0.054342 0.538561 0.030778 0.029445
0 0.078620 0.619505 0.026222 0.024889
0 0.097301 0.691102 0.031750 0.031083
0 0.119116 0.771021 0.025508 0.027641
0 0.141759 0.851367 0.027667 0.026333
0 0.166356 0.926950 0.020555 0.024889
0 0.165662 0.973783 0.033000 0.017555
0 0.322218 0.989339 0.017778 0.018444
0 0.403162 0.112839 0.036000 0.033889
0 0.420912 0.216061 0.031167 0.031667
0 0.446884 0.324394 0.043000 0.035000
0 0.473767 0.419454 0.044432 0.030213
0 0.489495 0.520394 0.049111 0.048333
0 0.508579 0.637367 0.038167 0.016500
0 0.546467 0.728617 0.034500 0.034333
0 0.584662 0.943950 0.034777 0.030222
0 0.586857 0.014422 0.037167 0.028444
0 0.789023 0.960033 0.027111 0.030889
0 0.777245 0.855144 0.019111 0.019778
0 0.750468 0.747311 0.029111 0.029889
0 0.704301 0.533755 0.026445 0.028556
0 0.674745 0.428644 0.024000 0.026333
0 0.662412 0.331144 0.021444 0.021555
0 0.645856 0.227311 0.027222 0.028111
0 0.616190 0.118977 0.035667 0.033000
0 0.834190 0.023311 0.038333 0.033333
0 0.862023 0.128755 0.021000 0.017333
0 0.882873 0.234417 0.029189 0.028656
0 0.901079 0.335533 0.034777 0.030667
0 0.928197 0.439422 0.029125 0.026667
0 0.949467 0.537755 0.033333 0.033333
0 0.971856 0.647033 0.032222 0.030000
0 0.987720 0.756505 0.024560 0.035000
0 0.726851 0.638172 0.049000 0.038667
