0 0.411863 0.112839 0.045000 0.042333
0 0.394696 0.010836 0.029333 0.021672
0 0.477363 0.309839 0.023333 0.022333
0 0.488363 0.420505 0.019333 0.019667
0 0.522696 0.613839 0.049333 0.050333
0 0.544196 0.728172 0.037000 0.027000
0 0.572029 0.829672 0.036667 0.026000
0 0.578085 0.946727 0.044667 0.039000
0 0.824446 0.963977 0.026167 0.020500
0 0.806946 0.853477 0.032833 0.032500
0 0.785113 0.760061 0.022500 0.018667
0 0.767279 0.643144 0.046500 0.042167
0 0.739529 0.532144 0.042000 0.041167
0 0.713363 0.433561 0.037000 0.034000
0 0.703696 0.332811 0.030000 0.029500
0 0.680946 0.235477 0.028500 0.027500
0 0.656029 0.125477 0.035667 0.032500
0 0.634029 0.017394 0.032000 0.029000
0 0.824501 0.017477 0.029167 0.021500
0 0.846668 0.130977 0.027500 0.028500
0 0.918251 0.430311 0.036667 0.024833
0 0.939585 0.538172 0.031333 0.025777
0 0.980585 0.655172 0.026667 0.029333
0 0.987696 0.755339 0.024333 0.034000
0 0.230941 0.269561 0.035111 0.035555
0 0.253385 0.373561 0.032333 0.029667
0 0.299052 0.600727 0.031333 0.037667
0 0.334385 0.801061 0.041333 0.033000
0 0.367385 0.910394 0.037333 0.029667
0 0.064719 0.756227 0.034000 0.031333
0 0.044385 0.654561 0.020000 0.017333
0 0.019219 0.551061 0.029000 0.029000
0 0.007719 0.439394 0.015333 0.011000
0 0.091274 0.874894 0.023333 0.026889
0 0.106719 0.977561 0.030223 0.026000
0 0.273710 0.481352 0.034222 0.031556
