0 0.099298 0.969658 0.017333 0.025667
0 0.041891 0.623949 0.039333 0.024500
0 0.006890 0.423866 0.013780 0.025111
0 0.409216 0.978380 0.060445 0.043240
0 0.324006 0.572618 0.046167 0.042500
0 0.302534 0.463174 0.039667 0.037500
0 0.276395 0.358368 0.050500 0.040000
0 0.451951 0.091396 0.047500 0.036833
0 0.499613 0.314975 0.037833 0.034333
0 0.537974 0.415420 0.047333 0.040889
0 0.550696 0.522031 0.022444 0.021777
0 0.569543 0.637170 0.033167 0.030333
0 0.612812 0.854633 0.040333 0.031667
0 0.649784 0.959245 0.042833 0.038333
0 0.208409 0.029514 0.033312 0.024667
0 0.385429 0.883773 0.045917 0.049750
0 0.078858 0.863148 0.024445 0.021056
0 0.068984 0.739745 0.033417 0.042083
0 0.348137 0.688287 0.038667 0.018445
0 0.346873 0.666912 0.043195 0.034750
0 0.942625 0.791537 0.029750 0.042500
0 0.481721 0.197065 0.036500 0.030333
0 0.218025 0.133148 0.038500 0.035833
0 0.596374 0.741606 0.030750 0.045417
