0 0.006904 0.195617 0.013809 0.041555
0 0.017460 0.307728 0.034919 0.034000
0 0.045809 0.411006 0.041333 0.031667
0 0.070753 0.512839 0.060000 0.053111
0 0.115142 0.743173 0.041333 0.033889
0 0.129309 0.837270 0.031000 0.031250
0 0.160975 0.952284 0.044667 0.039667
0 0.407919 0.994031 0.031000 0.011939
0 0.382753 0.895839 0.039333 0.032000
0 0.361808 0.788617 0.030889 0.026445
0 0.337239 0.679881 0.035417 0.031417
0 0.312072 0.575173 0.036417 0.037000
0 0.292503 0.472478 0.037889 0.038333
0 0.265669 0.359228 0.035167 0.029167
0 0.244211 0.247978 0.033417 0.026667
0 0.235781 0.142395 0.041056 0.037555
0 0.202253 0.028096 0.030083 0.028209
0 0.671086 0.235089 0.031889 0.030000
0 0.682086 0.319589 0.022555 0.021444
0 0.710697 0.402923 0.027333 0.025000
0 0.730364 0.488534 0.028667 0.022889
0 0.753808 0.566534 0.026778 0.023111
0 0.800614 0.814089 0.034000 0.028833
0 0.822919 0.902062 0.030000 0.030445
0 0.986015 0.814701 0.027969 0.035333
0 0.918531 0.485200 0.032111 0.023222
0 0.893281 0.399270 0.038667 0.037083
0 0.880794 0.313186 0.031750 0.030750
0 0.858239 0.231214 0.034583 0.033750
0 0.837031 0.146589 0.031667 0.020111
0 0.660903 0.626764 0.043250 0.034250
0 0.965709 0.718931 0.030417 0.019917
0 0.966306 0.683001 0.019333 0.013223
0 0.936917 0.570833 0.031500 0.023667
0 0.641458 0.151318 0.034583 0.028750
0 0.560473 0.104165 0.050000 0.033000
0 0.611306 0.010805 0.033445 0.021609
0 0.807278 0.009305 0.029500 0.018609
0 0.820167 0.056137 0.029500 0.025500
