0 0.128932 0.992366 0.030667 0.015267
0 0.110709 0.880288 0.035111 0.028889
0 0.067515 0.686427 0.035500 0.031167
0 0.046349 0.566510 0.029833 0.031000
0 0.023515 0.469010 0.035167 0.033667
0 0.009765 0.360760 0.019000 0.031167
0 0.186099 0.083843 0.029333 0.029000
0 0.213182 0.189177 0.035500 0.038333
0 0.260432 0.395427 0.032000 0.027833
0 0.284515 0.500010 0.029500 0.021000
0 0.307265 0.606927 0.037333 0.031500
0 0.325849 0.707177 0.029833 0.027333
0 0.346515 0.816093 0.025167 0.030833
0 0.575015 0.906510 0.045833 0.038000
0 0.552432 0.799760 0.035667 0.035500
0 0.527349 0.703927 0.029500 0.025500
0 0.506515 0.601760 0.036167 0.031833
0 0.482515 0.502927 0.037833 0.040500
0 0.457015 0.395593 0.037500 0.038167
0 0.418682 0.181177 0.037833 0.024333
0 0.398099 0.076010 0.029000 0.037667
0 0.634265 0.072927 0.037000 0.023500
0 0.654432 0.183593 0.038333 0.026833
0 0.680599 0.296010 0.032667 0.020000
0 0.704682 0.405843 0.033500 0.027667
0 0.717849 0.508760 0.040500 0.030833
0 0.743182 0.620593 0.040167 0.041500
0 0.766515 0.728760 0.038167 0.035833
0 0.793599 0.834510 0.041333 0.041333
0 0.821849 0.951760 0.026167 0.029167
0 0.987716 0.783843 0.024568 0.029000
0 0.970682 0.682510 0.039167 0.028333
0 0.950265 0.570760 0.037333 0.030167
0 0.926765 0.472843 0.030667 0.026333
0 0.900265 0.373010 0.038000 0.034000
0 0.879849 0.269343 0.044167 0.030667
0 0.859682 0.157427 0.039833 0.036833
0 0.847765 0.058343 0.030000 0.031333
