0 0.852293 0.052819 0.034333 0.032667
0 0.875126 0.159652 0.042000 0.035667
0 0.890626 0.251485 0.034333 0.032000
0 0.918987 0.361342 0.023833 0.024833
0 0.942487 0.463175 0.027833 0.026500
0 0.965071 0.562259 0.039000 0.034333
0 0.984202 0.663342 0.031596 0.033500
0 0.683154 0.916759 0.034167 0.026667
0 0.663071 0.812175 0.042000 0.035833
0 0.657487 0.705342 0.039167 0.034833
0 0.623321 0.601425 0.044833 0.039333
0 0.604487 0.497425 0.040167 0.032333
0 0.590404 0.390675 0.030333 0.029500
0 0.569404 0.285509 0.036667 0.034833
0 0.544737 0.183009 0.043000 0.031500
0 0.522071 0.077759 0.030333 0.029667
0 0.288404 0.098759 0.036000 0.036000
0 0.312987 0.196925 0.035500 0.039667
0 0.332654 0.307009 0.043167 0.032167
0 0.361654 0.409675 0.048500 0.036500
0 0.379154 0.515592 0.041500 0.039333
0 0.402904 0.627842 0.039667 0.029500
0 0.421154 0.732925 0.035167 0.034333
0 0.450654 0.834009 0.043500 0.034500
0 0.461154 0.940259 0.035500 0.035333
0 0.246154 0.991425 0.036167 0.016333
0 0.222404 0.896175 0.032333 0.033500
0 0.202487 0.795009 0.042167 0.040500
0 0.180071 0.695342 0.040000 0.034500
0 0.164821 0.584842 0.031833 0.035833
0 0.135987 0.479342 0.032500 0.021500
0 0.109654 0.373092 0.040833 0.036667
0 0.091654 0.272009 0.038500 0.033500
0 0.069321 0.173342 0.037500 0.025833
0 0.048404 0.071675 0.034000 0.029833
0 0.028869 0.984652 0.034667 0.030696
0 0.010976 0.881665 0.021953 0.024889
