0 0.011841 0.070093 0.023683 0.032000
0 0.019286 0.176982 0.038571 0.040445
0 0.040293 0.285204 0.046333 0.033333
0 0.058683 0.381648 0.050000 0.039555
0 0.081127 0.485982 0.034444 0.034445
0 0.104405 0.586648 0.039777 0.040222
0 0.128516 0.689093 0.041333 0.032667
0 0.151627 0.793981 0.049778 0.043333
0 0.169960 0.894426 0.046889 0.036667
0 0.195627 0.989769 0.051111 0.020463
0 0.446516 0.986491 0.035333 0.027019
0 0.410405 0.881037 0.032000 0.025778
0 0.394960 0.773204 0.027000 0.030667
0 0.372655 0.669509 0.030833 0.029167
0 0.349155 0.560968 0.024500 0.021417
0 0.335738 0.456509 0.045333 0.033500
0 0.312571 0.355093 0.037000 0.033333
0 0.280821 0.252509 0.046833 0.026167
0 0.269821 0.147093 0.037167 0.029667
0 0.237905 0.038843 0.028667 0.027500
0 0.471460 0.075871 0.030333 0.025667
0 0.493960 0.181704 0.040333 0.035667
0 0.525043 0.285204 0.042833 0.037667
0 0.542127 0.383121 0.030000 0.036833
0 0.556793 0.483287 0.041000 0.034167
0 0.575960 0.591871 0.042667 0.034667
0 0.610877 0.704704 0.034167 0.041000
0 0.631377 0.814371 0.033833 0.029000
0 0.651905 0.911037 0.036667 0.028667
0 0.883915 0.921565 0.039355 0.035500
0 0.856405 0.817346 0.036555 0.034174
0 0.836794 0.721148 0.035778 0.034667
0 0.816127 0.609370 0.045555 0.029778
0 0.786793 0.491704 0.039333 0.034889
0 0.768682 0.379204 0.039111 0.029221
0 0.748238 0.273148 0.037777 0.038667
0 0.715130 0.163259 0.035105 0.034889
0 0.702905 0.057287 0.034111 0.023111
0 0.911877 0.030773 0.032333 0.036083
0 0.937544 0.128537 0.041555 0.041333
0 0.952321 0.233537 0.031444 0.030889
0 0.973377 0.339648 0.030111 0.030000
0 0.989327 0.444760 0.021345 0.030445
