0 0.006010 0.028385 0.012020 0.022889
0 0.018131 0.133275 0.033778 0.027000
0 0.041547 0.245136 0.031500 0.022833
0 0.073187 0.360206 0.032500 0.024917
0 0.085326 0.464248 0.033222 0.032333
0 0.119992 0.565776 0.030333 0.025833
0 0.010510 0.988111 0.021020 0.023778
0 0.156853 0.767582 0.028889 0.032445
0 0.208409 0.978083 0.032778 0.043667
0 0.491409 0.709832 0.042333 0.035501
0 0.474076 0.606527 0.026889 0.022000
0 0.443576 0.512304 0.038667 0.033333
0 0.420493 0.412331 0.038167 0.034167
0 0.402687 0.316775 0.033667 0.029833
0 0.381381 0.214886 0.031833 0.023167
0 0.352715 0.109136 0.035500 0.030333
0 0.339187 0.011734 0.033889 0.023469
0 0.569021 0.005595 0.026333 0.011191
0 0.589965 0.105247 0.030333 0.027667
0 0.625993 0.304525 0.025833 0.024667
0 0.655646 0.404776 0.024750 0.026167
0 0.663326 0.512359 0.030889 0.023111
0 0.700104 0.617415 0.036667 0.030444
0 0.721937 0.719360 0.028667 0.021333
0 0.743437 0.828999 0.038667 0.031833
0 0.767201 0.936777 0.021750 0.013500
0 0.979538 0.884666 0.039146 0.030445
0 0.957521 0.774555 0.032000 0.027556
0 0.939854 0.661332 0.028445 0.024889
0 0.911076 0.563443 0.030445 0.029111
0 0.887521 0.456387 0.029111 0.029889
0 0.866854 0.360442 0.029111 0.023555
0 0.838854 0.266331 0.030444 0.032667
0 0.819854 0.154219 0.023556 0.029778
0 0.799298 0.039552 0.028222 0.030223
0 0.995140 0.009503 0.009720 0.019006
