0 0.007104 0.390073 0.014209 0.021445
0 0.020160 0.491851 0.040320 0.037444
0 0.040709 0.591073 0.033000 0.032111
0 0.059709 0.695906 0.047444 0.039333
0 0.087987 0.804017 0.047333 0.037111
0 0.099542 0.914962 0.047111 0.039667
0 0.332542 0.914962 0.044667 0.032333
0 0.307875 0.807017 0.035777 0.033333
0 0.286709 0.691184 0.035223 0.033889
0 0.265209 0.588628 0.042667 0.034778
0 0.243320 0.480795 0.047778 0.037778
0 0.224598 0.372351 0.044111 0.037333
0 0.206320 0.264962 0.036667 0.032111
0 0.175431 0.160184 0.042445 0.040111
0 0.149986 0.043740 0.041555 0.037222
0 0.366153 0.082795 0.043222 0.040222
0 0.393653 0.192795 0.035333 0.030222
0 0.416875 0.302906 0.033777 0.031333
0 0.437542 0.404739 0.036444 0.030333
0 0.462820 0.509017 0.033222 0.027333
0 0.493320 0.615962 0.042445 0.032111
0 0.510320 0.725795 0.038667 0.028445
0 0.529820 0.837962 0.037000 0.035667
0 0.559431 0.944017 0.033555 0.030444
0 0.785153 0.966017 0.043889 0.030000
0 0.776098 0.858351 0.050445 0.044000
0 0.739764 0.761462 0.037111 0.034222
0 0.713653 0.651962 0.034445 0.031445
0 0.702653 0.546684 0.047111 0.034223
0 0.674542 0.440073 0.027111 0.024111
0 0.649042 0.340462 0.027223 0.024889
0 0.630597 0.235240 0.033667 0.031778
0 0.606542 0.133129 0.030223 0.028000
0 0.590153 0.016351 0.028556 0.026667
0 0.838389 0.040892 0.037750 0.030583
0 0.863237 0.155212 0.053167 0.040500
0 0.883487 0.255295 0.032333 0.032333
0 0.902570 0.363629 0.046833 0.042000
0 0.934237 0.468045 0.038167 0.030167
0 0.961237 0.569295 0.040500 0.029667
0 0.988410 0.790545 0.023180 0.035833
