0 0.289368 0.918819 0.039333 0.039000
0 0.268729 0.813041 0.046500 0.044333
0 0.223535 0.582402 0.036667 0.037611
0 0.173347 0.384585 0.041833 0.037333
0 0.152652 0.293100 0.041000 0.040083
0 0.135152 0.184086 0.040223 0.042889
0 0.880784 0.989720 0.037445 0.020560
0 0.860784 0.910218 0.042778 0.038111
0 0.848374 0.808663 0.050208 0.044333
0 0.823825 0.706579 0.036667 0.030778
0 0.797558 0.600891 0.042222 0.039111
0 0.772363 0.488502 0.044500 0.042000
0 0.517905 0.807593 0.050444 0.045111
0 0.721597 0.314218 0.052667 0.042781
0 0.941617 0.175363 0.046333 0.040000
0 0.963007 0.277085 0.042000 0.035778
0 0.978781 0.377946 0.042438 0.041833
0 0.352211 0.173631 0.045057 0.036124
0 0.377881 0.285194 0.041944 0.021667
0 0.702882 0.204948 0.039443 0.030583
0 0.915503 0.068722 0.033000 0.034750
0 0.686252 0.112403 0.039778 0.028667
0 0.184015 0.481254 0.047583 0.028583
0 0.993043 0.485602 0.013914 0.042001
0 0.679877 0.006756 0.033250 0.013513
0 0.406372 0.373495 0.036083 0.037000
0 0.383539 0.373995 0.021083 0.022667
0 0.428093 0.476500 0.026081 0.031267
0 0.407998 0.476994 0.015083 0.021750
