0 0.011057 0.148972 0.022114 0.030444
0 0.037058 0.256750 0.040889 0.034333
0 0.128170 0.700639 0.038889 0.038667
0 0.159781 0.817028 0.048111 0.038555
0 0.334225 0.690416 0.030667 0.025222
0 0.359614 0.789417 0.023111 0.023223
0 0.664392 0.967528 0.028889 0.022445
0 0.563614 0.422917 0.032223 0.035667
0 0.531197 0.304375 0.033333 0.031917
0 0.502920 0.208139 0.031555 0.030889
0 0.476934 0.093361 0.039917 0.033000
0 0.810447 0.170694 0.023833 0.023500
0 0.841475 0.276611 0.034111 0.031889
0 0.852836 0.380222 0.038833 0.036833
0 0.876559 0.494889 0.036667 0.035000
0 0.939392 0.809556 0.040000 0.035555
0 0.962503 0.915389 0.034889 0.028500
0 0.005625 0.038988 0.011250 0.023111
0 0.053945 0.397294 0.034056 0.022611
0 0.183084 0.922769 0.025222 0.018667
0 0.572612 0.529351 0.028500 0.024833
0 0.630501 0.738365 0.025000 0.020750
0 0.648820 0.856310 0.025917 0.017250
0 0.238023 0.134287 0.021250 0.021083
0 0.208121 0.025217 0.022500 0.020000
