0 0.015598 0.036360 0.030555 0.037889
0 0.031431 0.142694 0.039333 0.031889
0 0.049375 0.253471 0.040777 0.035667
0 0.076320 0.354972 0.038889 0.036222
0 0.099320 0.458194 0.038222 0.037333
0 0.122153 0.562583 0.042333 0.038111
0 0.144320 0.668083 0.041111 0.039556
0 0.188098 0.879083 0.045555 0.045556
0 0.215653 0.981749 0.041555 0.036000
0 0.433264 0.954194 0.034111 0.032889
0 0.413431 0.846583 0.034889 0.032333
0 0.392375 0.749638 0.040111 0.030667
0 0.371375 0.649083 0.031889 0.022889
0 0.354209 0.543194 0.037111 0.034000
0 0.322153 0.438249 0.043000 0.039444
0 0.307709 0.332472 0.034333 0.029889
0 0.278431 0.232083 0.037555 0.036000
0 0.262653 0.128861 0.036222 0.027333
0 0.233709 0.025861 0.035444 0.032667
0 0.488153 0.077194 0.038333 0.028889
0 0.527153 0.176194 0.036111 0.032667
0 0.540209 0.286805 0.039556 0.032555
0 0.557570 0.402833 0.036500 0.024333
0 0.622153 0.596999 0.029667 0.024333
0 0.641570 0.697166 0.037167 0.032667
0 0.906070 0.971083 0.035833 0.033833
0 0.880987 0.856666 0.030667 0.029333
0 0.863903 0.754083 0.035167 0.030500
0 0.837987 0.650166 0.037667 0.034333
0 0.816237 0.553833 0.039500 0.030333
0 0.793070 0.440499 0.040500 0.034000
0 0.772070 0.328583 0.028500 0.020167
0 0.747987 0.220999 0.039667 0.032333
0 0.731153 0.118249 0.045333 0.034167
0 0.705987 0.012083 0.039667 0.024166
0 0.930209 0.007805 0.036667 0.013555
0 0.949431 0.091694 0.040889 0.033778
0 0.974209 0.200138 0.031777 0.031111
0 0.985271 0.308472 0.029458 0.034445
0 0.660957 0.806103 0.047667 0.038667
