0 0.524306 0.009314 0.043111 0.018627
0 0.547639 0.108405 0.026667 0.019111
0 0.576306 0.224739 0.042667 0.041556
0 0.599861 0.327517 0.040889 0.040000
0 0.623973 0.433072 0.050000 0.041777
0 0.653973 0.543627 0.046000 0.047333
0 0.673083 0.649850 0.043333 0.043778
0 0.693195 0.767739 0.033777 0.030667
0 0.709639 0.879905 0.040667 0.032777
0 0.741750 0.984127 0.038667 0.030667
0 0.798889 0.095683 0.054167 0.037000
0 0.831223 0.191600 0.032167 0.031167
0 0.835139 0.313267 0.045333 0.041500
0 0.864750 0.411405 0.052889 0.042000
0 0.900639 0.522516 0.037555 0.033555
0 0.917046 0.625350 0.038369 0.035889
0 0.942417 0.726628 0.025111 0.024445
