0 0.090241 0.817998 0.032222 0.039111
0 0.069797 0.697220 0.038889 0.038445
0 0.024737 0.504599 0.049474 0.044223
0 0.345584 0.958720 0.042444 0.037778
0 0.321622 0.847358 0.039153 0.035708
0 0.305000 0.746375 0.034555 0.032555
0 0.290824 0.643636 0.040222 0.031111
0 0.262475 0.540661 0.035333 0.040333
0 0.245697 0.433161 0.039777 0.033111
0 0.219889 0.324919 0.038445 0.028667
0 0.194085 0.223592 0.041111 0.038945
0 0.172779 0.116564 0.043167 0.046333
0 0.154312 0.018645 0.034222 0.028444
0 0.376714 0.063437 0.027083 0.028417
0 0.419336 0.258006 0.040139 0.046445
0 0.440155 0.374480 0.036000 0.036000
0 0.537370 0.800818 0.029250 0.025083
0 0.507923 0.697239 0.040667 0.037833
0 0.491119 0.589143 0.032583 0.025833
0 0.460855 0.487865 0.030889 0.028778
0 0.788525 0.958875 0.041667 0.033333
0 0.766275 0.842902 0.041833 0.040500
0 0.758260 0.737540 0.032445 0.028222
0 0.724927 0.646012 0.035667 0.033167
0 0.704218 0.533484 0.044083 0.044222
0 0.672871 0.429734 0.042445 0.042889
