0 0.025207 0.012772 0.034889 0.025544
0 0.070041 0.211294 0.030667 0.027833
0 0.090374 0.327961 0.041667 0.027167
0 0.122207 0.428627 0.028667 0.023167
0 0.146291 0.533961 0.032167 0.027500
0 0.161707 0.641294 0.037333 0.032167
0 0.180957 0.744711 0.037833 0.033667
0 0.213624 0.849461 0.027833 0.023833
0 0.230707 0.960127 0.030667 0.029167
0 0.460540 0.973044 0.033445 0.030667
0 0.447263 0.858710 0.039556 0.044445
0 0.422096 0.750766 0.034556 0.028777
0 0.391374 0.644099 0.041778 0.038333
0 0.361485 0.544655 0.042222 0.034111
0 0.344040 0.435544 0.042445 0.031445
0 0.329874 0.334599 0.041667 0.034667
0 0.299985 0.228322 0.027222 0.019445
0 0.282735 0.112627 0.035833 0.013833
0 0.261568 0.010605 0.035500 0.021211
0 0.475235 0.014961 0.031167 0.020500
0 0.497901 0.126711 0.031500 0.025333
0 0.531151 0.243044 0.042333 0.037000
0 0.539318 0.344377 0.035000 0.028000
0 0.564151 0.445127 0.033000 0.021500
0 0.593401 0.561461 0.043167 0.024167
0 0.622818 0.663044 0.034000 0.031667
0 0.641401 0.769436 0.036611 0.022118
0 0.683818 0.967044 0.044000 0.031333
0 0.661151 0.870377 0.029333 0.024333
0 0.933179 0.973516 0.038167 0.024500
0 0.899513 0.865433 0.035500 0.020333
0 0.887096 0.754433 0.034333 0.025667
0 0.870013 0.648433 0.034500 0.037667
0 0.849429 0.542099 0.040000 0.037000
0 0.824346 0.438183 0.032833 0.028500
0 0.777596 0.225683 0.028000 0.024167
0 0.754679 0.114683 0.037833 0.028500
0 0.724763 0.013349 0.032000 0.021833
0 0.963957 0.104544 0.032833 0.033667
0 0.985179 0.209592 0.029167 0.029125
0 0.796041 0.332516 0.028667 0.017833
