0 0.944863 0.029192 0.051722 0.052389
0 0.977117 0.139843 0.031563 0.035532
0 0.985112 0.248956 0.029776 0.037583
0 0.991925 0.356040 0.016151 0.030889
0 0.934455 0.848191 0.022889 0.027111
0 0.821062 0.646891 0.039333 0.039333
0 0.708767 0.006016 0.017667 0.012031
0 0.236058 0.957920 0.022250 0.021500
0 0.213558 0.873253 0.020917 0.021000
0 0.194170 0.800142 0.025750 0.029000
0 0.176211 0.719837 0.030555 0.031000
0 0.011085 0.843776 0.022169 0.018222
0 0.157891 0.642276 0.022000 0.016778
0 0.143766 0.571165 0.019750 0.013500
0 0.123433 0.494096 0.024083 0.023195
0 0.106363 0.411277 0.030833 0.036000
0 0.082909 0.338667 0.032186 0.029364
0 0.073082 0.257919 0.034598 0.028694
0 0.050381 0.179211 0.035111 0.029778
0 0.035895 0.104308 0.030583 0.027250
0 0.017645 0.020044 0.032583 0.030333
0 0.422013 0.950376 0.039000 0.032778
0 0.395568 0.865821 0.036111 0.030889
0 0.378735 0.785654 0.034889 0.030333
0 0.358749 0.709686 0.028667 0.023778
0 0.307042 0.489746 0.034667 0.023833
0 0.284065 0.404132 0.027379 0.028271
0 0.268236 0.328462 0.036222 0.034958
0 0.248027 0.254980 0.037833 0.032167
0 0.230222 0.174064 0.038111 0.033555
0 0.207861 0.095619 0.036833 0.036667
0 0.192499 0.020953 0.032667 0.025333
0 0.587378 0.918757 0.028500 0.026667
0 0.604933 0.995351 0.023611 0.009299
0 0.571017 0.837924 0.029777 0.033000
0 0.549322 0.763757 0.032167 0.027333
0 0.526653 0.682894 0.040167 0.031167
0 0.472128 0.459573 0.032371 0.033031
0 0.447570 0.386505 0.038333 0.033833
0 0.426292 0.300200 0.029778 0.026889
0 0.407959 0.224644 0.028000 0.034333
0 0.391447 0.148387 0.034833 0.032333
0 0.379752 0.068720 0.033000 0.026777
0 0.356863 0.009054 0.025222 0.018109
0 0.783304 0.934530 0.030500 0.031667
0 0.765776 0.853363 0.029000 0.029445
0 0.742498 0.775030 0.030333 0.028889
0 0.725594 0.691581 0.028667 0.029667
0 0.704872 0.614303 0.026667 0.030000
0 0.658594 0.474915 0.027445 0.026667
0 0.640761 0.395804 0.031222 0.028111
0 0.597205 0.236637 0.032333 0.029555
0 0.580761 0.160137 0.037333 0.032333
0 0.560705 0.084303 0.027667 0.024000
0 0.547428 0.009485 0.036555 0.018970
0 0.490640 0.536039 0.029333 0.029167
0 0.507105 0.596325 0.028792 0.022125
0 0.343404 0.630165 0.037333 0.033000
