0 0.018730 0.781206 0.029555 0.025000
0 0.040341 0.887484 0.046667 0.041000
0 0.064063 0.985659 0.032000 0.028683
0 0.295258 0.986603 0.042833 0.026794
0 0.274369 0.884817 0.043000 0.040223
0 0.252869 0.779734 0.043333 0.040833
0 0.229675 0.678887 0.044833 0.038083
0 0.182425 0.404956 0.043000 0.036667
0 0.151313 0.304039 0.045333 0.039833
0 0.132702 0.205900 0.046445 0.035222
0 0.110397 0.099803 0.054333 0.048250
0 0.086272 0.007367 0.034417 0.014734
0 0.318425 0.046914 0.039833 0.042917
0 0.344063 0.153831 0.037000 0.030917
0 0.366091 0.258539 0.037111 0.033944
0 0.383578 0.361636 0.039083 0.033750
0 0.439008 0.627873 0.036333 0.030445
0 0.464480 0.735456 0.039167 0.032500
0 0.482675 0.843817 0.036667 0.033333
0 0.502064 0.942984 0.029889 0.031111
0 0.840897 0.289539 0.037778 0.030444
0 0.860897 0.387539 0.034889 0.030223
0 0.885175 0.491150 0.040777 0.037889
0 0.908619 0.593776 0.029500 0.036083
0 0.966619 0.914040 0.046555 0.036555
0 0.207281 0.577782 0.040333 0.029834
0 0.198837 0.520032 0.037333 0.036889
0 0.408893 0.465199 0.036111 0.038333
0 0.417393 0.519754 0.038889 0.028334
0 0.725837 0.949145 0.026000 0.024111
0 0.701115 0.843644 0.027667 0.024889
0 0.680296 0.742102 0.029417 0.023917
0 0.663282 0.640783 0.042333 0.027333
0 0.604157 0.371865 0.027750 0.029333
0 0.581532 0.274059 0.025111 0.030222
0 0.562032 0.165850 0.031000 0.027583
0 0.541268 0.066447 0.025583 0.025000
0 0.787893 0.063891 0.040167 0.019333
0 0.810337 0.175628 0.036667 0.033917
0 0.928310 0.697033 0.038833 0.038167
