0 0.177292 0.659176 0.031333 0.034000
0 0.150653 0.563621 0.027167 0.026333
0 0.130436 0.466030 0.031167 0.029500
0 0.104712 0.363827 0.026445 0.027667
0 0.037674 0.039715 0.038223 0.029013
0 0.272109 0.071846 0.034000 0.027000
0 0.384386 0.596957 0.034889 0.030000
0 0.365573 0.502159 0.038167 0.026791
0 0.342128 0.400583 0.037500 0.029167
0 0.917434 0.951943 0.044667 0.040000
0 0.894851 0.841985 0.035833 0.028583
0 0.993078 0.303943 0.013844 0.031667
0 0.979745 0.207027 0.040511 0.037167
0 0.961489 0.099555 0.042667 0.042889
0 0.566423 0.466019 0.041333 0.039167
0 0.789729 0.320853 0.040167 0.036833
0 0.591111 0.568813 0.035667 0.033667
0 0.745143 0.120785 0.038333 0.041000
0 0.769407 0.220285 0.036750 0.032833
0 0.722393 0.008670 0.024167 0.017340
0 0.807421 0.419451 0.049778 0.044223
0 0.820448 0.528924 0.045611 0.037389
0 0.852004 0.634840 0.042778 0.056555
0 0.479781 0.041507 0.044555 0.042889
0 0.549170 0.356757 0.033777 0.014722
0 0.613920 0.668396 0.042500 0.041500
0 0.421989 0.808771 0.025250 0.028583
0 0.403142 0.701035 0.028833 0.033556
0 0.654281 0.941035 0.037667 0.029111
0 0.318031 0.299063 0.040833 0.027000
0 0.218503 0.943451 0.040833 0.031333
0 0.193502 0.765840 0.039055 0.036278
