0 0.134129 0.416385 0.048333 0.040555
0 0.144476 0.514996 0.040083 0.029333
0 0.166545 0.631010 0.042167 0.031250
0 0.205740 0.738163 0.045555 0.030945
0 0.228934 0.850899 0.046333 0.037417
0 0.258420 0.945149 0.031417 0.027750
0 0.536934 0.098691 0.027555 0.019556
0 0.557268 0.197996 0.024222 0.023222
0 0.601906 0.407413 0.028945 0.023500
0 0.630879 0.612663 0.030000 0.023000
0 0.680379 0.814385 0.037111 0.032000
0 0.757545 0.088413 0.030000 0.031167
0 0.783545 0.190746 0.029000 0.028833
0 0.801101 0.301024 0.021889 0.024889
0 0.015573 0.993082 0.031146 0.013836
0 0.100201 0.313717 0.031667 0.026000
0 0.053125 0.100245 0.018625 0.014500
0 0.016382 0.007608 0.028223 0.015217
0 0.571966 0.299106 0.018278 0.016000
0 0.664410 0.710302 0.016722 0.009555
0 0.905064 0.843275 0.015417 0.013333
0 0.864883 0.636961 0.022167 0.023125
0 0.800202 0.410773 0.016083 0.013167
