0 0.018253 0.729918 0.036506 0.031778
0 0.282565 0.909240 0.024417 0.023500
0 0.260536 0.801972 0.033000 0.038222
0 0.236930 0.698055 0.038000 0.034833
0 0.206945 0.591655 0.032000 0.038000
0 0.179001 0.482821 0.056222 0.046223
0 0.161668 0.369043 0.041555 0.044667
0 0.131168 0.260775 0.039665 0.036018
0 0.113779 0.156571 0.036444 0.037777
0 0.094334 0.046905 0.036222 0.035111
0 0.042777 0.834436 0.039833 0.040000
0 0.347582 0.096325 0.040778 0.036778
0 0.365971 0.199394 0.040555 0.039750
0 0.390749 0.299270 0.045555 0.037111
0 0.415916 0.407603 0.045445 0.027333
0 0.424555 0.523186 0.036833 0.035833
0 0.449836 0.623017 0.039333 0.035667
0 0.472818 0.717263 0.040667 0.029223
0 0.496682 0.824063 0.044889 0.044889
0 0.515098 0.933396 0.044833 0.038333
0 0.740765 0.970965 0.034833 0.021167
0 0.721015 0.852937 0.033889 0.031889
0 0.689515 0.751493 0.038667 0.036555
0 0.672737 0.640548 0.040111 0.035222
0 0.654237 0.538882 0.034111 0.036333
0 0.628931 0.426993 0.043833 0.039000
0 0.611404 0.311784 0.043667 0.035417
0 0.590535 0.211614 0.041333 0.039333
0 0.563370 0.106414 0.040667 0.042333
0 0.544203 0.009707 0.036555 0.019414
0 0.950813 0.888676 0.037167 0.031500
0 0.936479 0.776176 0.034500 0.039500
0 0.912674 0.670537 0.035111 0.031667
0 0.887368 0.571704 0.036500 0.034333
0 0.869063 0.469037 0.029333 0.028000
0 0.843448 0.353689 0.048500 0.049833
0 0.826892 0.253123 0.034722 0.035785
0 0.802642 0.153071 0.036667 0.029555
0 0.788142 0.046737 0.047333 0.040333
0 0.987533 0.009141 0.024934 0.018283
0 0.329431 0.005656 0.026889 0.011313
