0 0.181375 0.984889 0.036167 0.029333
0 0.163459 0.881722 0.041667 0.038000
0 0.135209 0.768639 0.034833 0.031833
0 0.113292 0.661972 0.043000 0.047833
0 0.091709 0.556639 0.051167 0.042500
0 0.073875 0.449055 0.046833 0.036667
0 0.048542 0.340639 0.046500 0.037167
0 0.024542 0.238055 0.041167 0.032667
0 0.010896 0.120805 0.021792 0.041167
0 0.240709 0.100805 0.052500 0.046833
0 0.268125 0.214805 0.041333 0.033833
0 0.272459 0.322722 0.037000 0.029000
0 0.289375 0.431972 0.019500 0.015500
0 0.329042 0.531139 0.030833 0.029833
0 0.352959 0.638139 0.037000 0.028833
0 0.374792 0.747472 0.040333 0.037500
0 0.399042 0.854222 0.057167 0.049333
0 0.421459 0.963847 0.051333 0.038083
0 0.657875 0.944055 0.042167 0.038333
0 0.634542 0.832305 0.041833 0.033500
0 0.610625 0.728389 0.040000 0.038667
0 0.591875 0.617222 0.044833 0.042667
0 0.564875 0.510305 0.044833 0.044500
0 0.543542 0.403222 0.043833 0.040000
0 0.525625 0.285805 0.050667 0.047167
0 0.502959 0.179472 0.031667 0.036833
0 0.476959 0.069055 0.042000 0.043667
0 0.688125 0.015194 0.040333 0.030389
0 0.705875 0.122222 0.041500 0.035000
0 0.733375 0.230055 0.044833 0.043667
0 0.756792 0.349472 0.040667 0.036167
0 0.773792 0.449889 0.037000 0.036333
0 0.806959 0.559222 0.037333 0.035333
0 0.826958 0.665500 0.039111 0.029556
0 0.847181 0.778167 0.051556 0.048667
0 0.867847 0.885167 0.043111 0.044444
0 0.885514 0.991361 0.039333 0.017278
0 0.993847 0.461611 0.011556 0.031555
0 0.983368 0.350944 0.033264 0.035555
0 0.961847 0.236944 0.035556 0.034222
0 0.938181 0.125167 0.038000 0.037777
0 0.915958 0.017833 0.040222 0.033778
