0 0.222517 0.946191 0.042333 0.036889
0 0.203191 0.843517 0.037153 0.034764
0 0.182059 0.735802 0.037000 0.036583
0 0.158282 0.629927 0.031889 0.033667
0 0.137671 0.531427 0.024000 0.032000
0 0.092004 0.296483 0.043555 0.042667
0 0.064893 0.193205 0.032444 0.030333
0 0.048807 0.084501 0.033111 0.030111
0 0.434757 0.917296 0.040833 0.035333
0 0.413119 0.805907 0.040444 0.032889
0 0.380952 0.700296 0.035333 0.036222
0 0.359897 0.600851 0.039667 0.032333
0 0.342174 0.490796 0.030555 0.032777
0 0.319228 0.384476 0.047667 0.034333
0 0.291339 0.275587 0.046000 0.043667
0 0.007389 0.984498 0.014778 0.025000
0 0.988556 0.321387 0.022889 0.038667
0 0.974473 0.219748 0.048833 0.042500
0 0.951417 0.115471 0.039833 0.040833
0 0.934028 0.010944 0.040500 0.021887
0 0.905304 0.984804 0.035111 0.030393
0 0.878693 0.883274 0.039333 0.037000
0 0.265640 0.167626 0.042833 0.040000
0 0.242945 0.060821 0.044667 0.035167
0 0.669748 0.904842 0.039111 0.034889
0 0.649692 0.801398 0.044111 0.036889
0 0.628053 0.694481 0.032500 0.040167
0 0.607776 0.591843 0.045500 0.037000
0 0.588304 0.486453 0.035555 0.038667
0 0.558725 0.374858 0.044000 0.047000
0 0.546674 0.270472 0.032333 0.031334
0 0.522267 0.162672 0.036500 0.036500
0 0.484851 0.048700 0.014333 0.036000
0 0.859650 0.779381 0.038111 0.035000
0 0.839095 0.680159 0.030667 0.027223
0 0.822484 0.577159 0.041555 0.042889
0 0.792067 0.464881 0.029500 0.021333
0 0.778817 0.356326 0.027445 0.024223
0 0.753060 0.248597 0.042333 0.039777
0 0.728115 0.144680 0.042667 0.036500
0 0.711060 0.046235 0.038667 0.036167
