0 0.122749 0.813905 0.037777 0.036223
0 0.099971 0.721127 0.035333 0.026667
0 0.099193 0.682683 0.020445 0.016445
0 0.070193 0.571350 0.031333 0.023111
0 0.052638 0.486461 0.035778 0.027111
0 0.026193 0.398683 0.040222 0.038667
0 0.015819 0.313905 0.031637 0.034000
0 0.005082 0.232683 0.010000 0.028889
0 0.145749 0.104017 0.029111 0.028000
0 0.170749 0.187461 0.035111 0.027778
0 0.179082 0.272239 0.034889 0.036000
0 0.207082 0.359016 0.034000 0.032222
0 0.223415 0.446128 0.032444 0.021555
0 0.236193 0.520794 0.027778 0.029555
0 0.266749 0.679572 0.029333 0.024444
0 0.290638 0.758572 0.038445 0.034444
0 0.495415 0.715572 0.033777 0.035111
0 0.436860 0.480127 0.028667 0.030000
0 0.422082 0.397128 0.032000 0.023111
0 0.412082 0.313128 0.043556 0.024889
0 0.390415 0.227461 0.036223 0.028222
0 0.356304 0.141905 0.032000 0.031333
0 0.351082 0.048905 0.027333 0.020000
0 0.640749 0.077128 0.037777 0.025778
0 0.702749 0.289683 0.028000 0.025111
0 0.713304 0.393572 0.034445 0.032444
0 0.792304 0.727572 0.035555 0.024889
0 0.808638 0.829128 0.037111 0.040889
0 0.986041 0.698794 0.027918 0.027778
0 0.942971 0.478572 0.036445 0.030444
0 0.931638 0.375572 0.041778 0.041333
0 0.898082 0.270572 0.040444 0.040223
0 0.870527 0.170461 0.030667 0.026667
0 0.852304 0.066239 0.030667 0.037333
0 0.536540 0.964633 0.034667 0.025777
0 0.352540 0.987872 0.027556 0.024256
