0 0.124989 0.086377 0.036444 0.028556
0 0.157712 0.184349 0.014889 0.013945
0 0.169195 0.286682 0.036032 0.036834
0 0.189961 0.386182 0.046167 0.037167
0 0.215545 0.490821 0.046889 0.030445
0 0.228489 0.593043 0.039333 0.036333
0 0.252573 0.692460 0.033833 0.025167
0 0.270045 0.787266 0.038555 0.026778
0 0.289378 0.878140 0.029167 0.034583
0 0.310878 0.988210 0.028833 0.021833
0 0.539641 0.946071 0.036085 0.035222
0 0.508656 0.849960 0.030833 0.027000
0 0.488489 0.745627 0.025833 0.019333
0 0.471656 0.641627 0.040167 0.029667
0 0.443406 0.523127 0.040667 0.033333
0 0.416323 0.437543 0.056167 0.048833
0 0.406073 0.334682 0.042556 0.042445
0 0.379101 0.232960 0.042167 0.039333
0 0.349656 0.135515 0.044500 0.046333
0 0.330906 0.018099 0.036333 0.028500
0 0.575017 0.065071 0.047111 0.038667
0 0.597851 0.166432 0.043000 0.034833
0 0.617909 0.270144 0.033104 0.023367
0 0.638850 0.377515 0.054778 0.042000
0 0.658073 0.480516 0.040333 0.033222
0 0.681462 0.584349 0.035111 0.031111
0 0.704295 0.680599 0.039667 0.031833
0 0.732962 0.788960 0.036778 0.028223
0 0.754684 0.894627 0.039555 0.036889
0 0.778851 0.991758 0.036000 0.016485
0 0.976684 0.941349 0.021667 0.017889
0 0.965461 0.852904 0.041667 0.026778
0 0.949906 0.752627 0.038777 0.031333
0 0.932128 0.644849 0.044778 0.040000
0 0.909628 0.543516 0.037333 0.036889
0 0.879850 0.433960 0.043778 0.036000
0 0.867628 0.334349 0.028666 0.022111
0 0.840406 0.232349 0.026444 0.029667
0 0.815906 0.131238 0.036556 0.033445
0 0.787073 0.018682 0.040667 0.031000
