0 0.988985 0.993086 0.022029 0.013829
0 0.990652 0.901560 0.018696 0.023889
0 0.959304 0.800255 0.032333 0.033500
0 0.532122 0.047666 0.049111 0.049555
0 0.561234 0.145000 0.037111 0.032889
0 0.581809 0.252156 0.041777 0.036667
0 0.634032 0.463100 0.043555 0.044889
0 0.658309 0.573481 0.028777 0.024111
0 0.515124 0.959408 0.047000 0.035000
0 0.496443 0.855658 0.045917 0.040167
0 0.475651 0.749380 0.046833 0.049500
0 0.429068 0.542630 0.053778 0.053555
0 0.697236 0.763890 0.040222 0.034222
0 0.717570 0.872112 0.044889 0.042222
0 0.410620 0.437864 0.045111 0.046667
0 0.380731 0.329198 0.043111 0.041778
0 0.353787 0.225447 0.041000 0.041167
0 0.330592 0.123947 0.044833 0.037500
0 0.311231 0.019460 0.050667 0.038920
0 0.289450 0.979451 0.050889 0.041097
0 0.273926 0.880806 0.047619 0.037527
0 0.250237 0.784629 0.039333 0.036833
0 0.227071 0.676324 0.056223 0.048667
0 0.209362 0.580463 0.050750 0.043499
0 0.155793 0.357824 0.046222 0.044667
0 0.175543 0.467963 0.048167 0.040167
0 0.132947 0.255856 0.038167 0.036667
0 0.105836 0.152841 0.051611 0.041413
0 0.079440 0.055134 0.036153 0.035556
0 0.065447 0.909051 0.029833 0.029167
0 0.028600 0.814801 0.047695 0.044000
0 0.013918 0.714773 0.027836 0.038000
0 0.610103 0.361033 0.038833 0.028583
0 0.674015 0.664497 0.030708 0.023500
0 0.841397 0.169242 0.031667 0.027111
0 0.995837 0.005502 0.008325 0.011004
0 0.073534 0.992751 0.020417 0.014499
0 0.866990 0.381420 0.038834 0.039500
