0 0.157362 0.178740 0.033778 0.031111
0 0.184861 0.281962 0.036667 0.036333
0 0.252403 0.610768 0.036583 0.035333
0 0.287195 0.819018 0.038000 0.036500
0 0.537334 0.908435 0.035500 0.033000
0 0.513042 0.803323 0.032917 0.027667
0 0.490334 0.699823 0.029111 0.027444
0 0.471459 0.598268 0.034083 0.026667
0 0.397778 0.270157 0.028833 0.029167
0 0.378139 0.168907 0.032889 0.028444
0 0.359139 0.068045 0.037333 0.029833
0 0.592417 0.050518 0.030667 0.028778
0 0.614639 0.153629 0.034667 0.025333
0 0.677528 0.484907 0.036111 0.033000
0 0.705195 0.588240 0.035445 0.030333
0 0.725084 0.694295 0.033667 0.029000
0 0.746111 0.796962 0.034833 0.028000
0 0.976862 0.879184 0.024445 0.023778
0 0.936070 0.685282 0.031583 0.026750
0 0.913959 0.567073 0.029583 0.029333
0 0.891861 0.469935 0.028833 0.031500
0 0.198253 0.387461 0.032333 0.028000
0 0.228587 0.503239 0.031667 0.032223
0 0.273087 0.710739 0.028222 0.030223
0 0.311531 0.917462 0.022667 0.022000
0 0.445865 0.494794 0.035333 0.029778
0 0.420420 0.380460 0.032001 0.034001
0 0.633309 0.259265 0.034667 0.031500
0 0.656059 0.373210 0.028167 0.021501
0 0.770365 0.902976 0.030000 0.027250
0 0.989905 0.992884 0.020190 0.014232
0 0.871643 0.360432 0.031333 0.027778
0 0.841032 0.239265 0.033667 0.034333
0 0.819587 0.132210 0.033889 0.024889
0 0.795865 0.030987 0.020111 0.023222
