0 0.019311 0.589897 0.038621 0.037667
0 0.042177 0.698911 0.030556 0.028889
0 0.059455 0.819412 0.039444 0.033111
0 0.082566 0.926968 0.039000 0.031778
0 0.384746 0.158144 0.038083 0.041917
0 0.410011 0.247742 0.029000 0.024055
0 0.428608 0.335853 0.027750 0.031500
0 0.447622 0.426493 0.027778 0.029555
0 0.469011 0.515494 0.037000 0.033555
0 0.486455 0.606772 0.033222 0.033667
0 0.516900 0.704106 0.019445 0.012333
0 0.544566 0.804606 0.031555 0.029111
0 0.561622 0.901218 0.031000 0.031001
0 0.583566 0.989441 0.020445 0.020778
0 0.572024 0.065921 0.030917 0.020750
0 0.591983 0.155838 0.041333 0.041417
0 0.612316 0.251006 0.024500 0.024917
0 0.637441 0.338465 0.035250 0.033500
0 0.661274 0.430424 0.038250 0.036583
0 0.679524 0.526466 0.033250 0.036000
0 0.706372 0.618939 0.024000 0.020223
0 0.731927 0.713051 0.031333 0.020000
0 0.750150 0.808829 0.030445 0.027333
0 0.772761 0.906274 0.029222 0.024889
0 0.795539 0.989386 0.036556 0.021111
0 0.782705 0.108657 0.036000 0.035223
0 0.796316 0.198602 0.033778 0.030445
0 0.817039 0.280437 0.036556 0.033000
0 0.866094 0.467660 0.033555 0.028111
0 0.884525 0.562855 0.030250 0.025834
0 0.902955 0.658883 0.019556 0.018389
0 0.933677 0.755815 0.029500 0.024917
0 0.958955 0.846926 0.040167 0.015750
0 0.975400 0.937205 0.032833 0.023251
